# PACS_green
# energy
# calib 1
# PACS100  ESAC web page in energy, corrected for aperture efficiency
 515003 0.00000
 525003 0.00001
 535003 0.00000
 545003 0.00000
 555003 0.00004
 565003 0.00009
 575003 0.00005
 585003 0.00028
 595003 0.00020
 605003 0.00019
 615003 0.00019
 625003 0.00033
 635003 0.00027
 645003 0.00054
 655003 0.00044
 665003 0.00025
 675003 0.00007
 685003 0.00007
 695003 0.00064
 705003 0.00021
 715003 0.00115
 725003 0.00026
 735003 0.00009
 745003 0.00023
 755003 0.00022
 765003 0.00053
 775003 0.00128
 785003 0.00291
 795003 0.00799
 805003 0.01770
 815003 0.04436
 825003 0.09810
 835003 0.19402
 845003 0.27485
 855003 0.35683
 865003 0.41582
 875003 0.41795
 885003 0.40661
 895003 0.39311
 905003 0.39774
 915003 0.44323
 925003 0.49262
 935003 0.53459
 945003 0.55127
 955003 0.55908
 965003 0.56232
 975003 0.56246
 985003 0.56065
 995003 0.53956
1005003 0.51752
1015003 0.49687
1025003 0.48533
1035003 0.47678
1045003 0.45630
1055003 0.42853
1065003 0.41461
1075003 0.41958
1085003 0.41594
1095003 0.41018
1105003 0.40585
1115003 0.40205
1125003 0.39718
1135003 0.38917
1145003 0.37809
1155003 0.36636
1165003 0.35242
1175003 0.33810
1185003 0.31890
1195003 0.29477
1205003 0.26446
1215003 0.22976
1225003 0.19149
1235003 0.15127
1245003 0.11238
1255003 0.07787
1265003 0.05016
1275003 0.03045
1285003 0.01708
1295003 0.00929
1305003 0.00605
1315003 0.00527
1325003 0.00528
1335003 0.00550
1345003 0.00525
1355003 0.00458
1365003 0.00394
1375003 0.00318
1385003 0.00238
1395003 0.00178
1405003 0.00125
1415003 0.00082
1425003 0.00052
1435003 0.00034
1445003 0.00022
1455003 0.00014
1465003 0.00009
1475003 0.00006
1485003 0.00003
1495003 0.00002
1505003 0.00002
1515003 0.00001
1525003 0.00001
1535003 0.00001
1545003 0.00000
