# FUV
# photon
# calib 0
# FUV_1500A GALEX : D. Schiminovich Sep 2003
         1340      0.00000 
         1350     11.54000 
         1360     14.59600 
         1370     17.65200 
         1380     17.77400 
         1390     14.96200 
         1400     12.15000 
         1410     17.39400 
         1420     22.63800 
         1430     27.04200 
         1440     30.60600 
         1450     34.17000 
         1460     35.41400 
         1470     36.65800 
         1480     36.80600 
         1490     35.85800 
         1500     34.91000 
         1510     34.79800 
         1520     34.68600 
         1530     32.94200 
         1540     29.56600 
         1550     26.19000 
         1560     26.08670 
         1570     25.98330 
         1580     25.88000 
         1590     25.77670 
         1600     25.67330 
         1610     25.57000 
         1620     23.16000 
         1630     20.75000 
         1640     18.34000 
         1650     15.93000 
         1660     15.18400 
         1670     14.43800 
         1680     13.69200 
         1690     12.94600 
         1700     12.20000 
         1710     11.87000 
         1720     11.54000 
         1730     11.21000 
         1740     10.88000 
         1750     10.55000 
         1760      8.64600 
         1770      6.74200 
         1780      4.83800 
         1790      2.93400 
         1800      1.03000 
         1810      0.00000 
