# PMW_HIPE
# energy
# PMW from HIPE. Includes RSRF and beam efficiency. Corrected for extended emission
       2370229.0   2.1552754e-06
       2375861.0   2.6878751e-06
       2380952.0   2.1239801e-06
       2386634.0   2.5026202e-06
       2392344.0   2.2770388e-06
       2398081.0   3.1506683e-06
       2403846.0   2.6466301e-06
       2409058.0   3.7661391e-06
       2414875.0   3.5428122e-06
       2420721.0   3.2433365e-06
       2426595.0   2.5611446e-06
       2431906.0   2.4197463e-06
       2437835.0   2.9264743e-06
       2443792.0   2.7405019e-06
       2449779.0   4.0498309e-06
       2455795.0   3.2301362e-06
       2461235.0   2.7922208e-06
       2467308.0   2.5984407e-06
       2473410.0   4.6807796e-06
       2479543.0   4.8636164e-06
       2485707.0   3.5815541e-06
       2491280.0   4.3164971e-06
       2497502.0   4.9305072e-06
       2503755.0   4.3460018e-06
       2510040.0   3.6174597e-06
       2515723.0   4.2433466e-06
       2522068.0   5.2934523e-06
       2528445.0   4.4766566e-06
       2534854.0   7.6890365e-06
       2541296.0   1.0248723e-05
       2547121.0   1.1377102e-05
       2553626.0   1.3977834e-05
       2560163.0   1.4890236e-05
       2566735.0   1.5759101e-05
       2573340.0   2.1472585e-05
       2579313.0   2.6380685e-05
       2585983.0   2.8375927e-05
       2592688.0   2.9922350e-05
       2599428.0   3.5689338e-05
       2605523.0   3.9813293e-05
       2612330.0   4.8394049e-05
       2619172.0   5.8623642e-05
       2626050.0   6.9641791e-05
       2632964.0   8.3747747e-05
       2639218.0   0.00010397076
       2646202.0   0.00012582235
       2653223.0   0.00015953005
       2660281.0   0.00019726370
       2666666.0   0.00024303761
       2673796.0   0.00030370018
       2680965.0   0.00038608043
       2688172.0   0.00047840150
       2695417.0   0.00059799342
       2701972.0   0.00073747614
       2709292.0   0.00086647061
       2716653.0    0.0010066557
       2724053.0    0.0011657180
       2731494.0    0.0013342609
       2738225.0    0.0015338308
       2745744.0    0.0017921436
       2753303.0    0.0020636802
       2760905.0    0.0023539186
       2767783.0    0.0026891375
       2775464.0    0.0030827874
       2783189.0    0.0034679818
       2790957.0    0.0038482547
       2798768.0    0.0042921945
       2805836.0    0.0048316975
       2813731.0    0.0052657401
       2821670.0    0.0059167174
       2829654.0    0.0067229723
       2837684.0    0.0074337378
       2844950.0    0.0089493757
       2853067.0     0.011634925
       2861230.0     0.013055901
       2869440.0     0.016837316
       2876869.0     0.020432300
       2885170.0     0.025213420
       2893518.0     0.030224093
       2901915.0     0.036227279
       2910360.0     0.042389137
       2918004.0     0.050067521
       2926543.0     0.061751167
       2935133.0     0.077872255
       2943773.0     0.098084855
       2952465.0      0.12228573
       2960331.0      0.14851664
       2969121.0      0.17460203
       2977963.0      0.19319778
       2986857.0      0.20620603
       2994908.0      0.21774764
       3003905.0      0.22953744
       3012955.0      0.23804284
       3022061.0      0.24463213
       3031221.0      0.25422100
       3039513.0      0.25749015
       3048780.0      0.25667059
       3058103.0      0.25648411
       3067484.0      0.25835227
       3076923.0      0.26345916
       3085467.0      0.26174818
       3095017.0      0.27299775
       3104625.0      0.28289190
       3114294.0      0.28912107
       3123048.0      0.29187685
       3132832.0      0.29848056
       3142677.0      0.30487114
       3152585.0      0.30273244
       3162555.0      0.30206248
       3171582.0      0.30043777
       3181673.0      0.29440683
       3191828.0      0.29485854
       3202049.0      0.30037346
       3211303.0      0.31804490
       3221649.0      0.33739317
       3232062.0      0.36004448
       3242542.0      0.36905900
       3253090.0      0.37643505
       3262642.0      0.36567158
       3273322.0      0.36371637
       3284072.0      0.35504223
       3294892.0      0.35197382
       3305785.0      0.35833907
       3315649.0      0.36891756
       3326679.0      0.37476456
       3337783.0      0.38806905
       3348961.0      0.39470669
       3359086.0      0.39864466
       3370407.0      0.40107069
       3381805.0      0.40215115
       3393281.0      0.39889230
       3404834.0      0.40053732
       3415300.0      0.40321484
       3427004.0      0.40837557
       3438789.0      0.42221035
       3450655.0      0.42762645
       3462603.0      0.42234980
       3473428.0      0.41105656
       3485535.0      0.41145267
       3497726.0      0.40437983
       3510003.0      0.40921109
       3521126.0      0.42792455
       3533568.0      0.45385594
       3546099.0      0.47963928
       3558718.0      0.48478540
       3571428.0      0.49198570
       3582945.0      0.48581774
       3595828.0      0.46421863
       3608805.0      0.45455813
       3621876.0      0.45086064
       3635041.0      0.45186914
       3646973.0      0.46321082
       3660322.0      0.46990912
       3673769.0      0.48783228
       3687315.0      0.49363121
       3699593.0      0.50135741
       3713330.0      0.50969960
       3727171.0      0.51990813
       3741114.0      0.51652814
       3755163.0      0.51136216
       3767897.0      0.50790543
       3782148.0      0.50707537
       3796507.0      0.50871647
       3810975.0      0.50888066
       3825554.0      0.51122108
       3838771.0      0.52280968
       3853564.0      0.51525157
       3868471.0      0.50547444
       3883495.0      0.49441375
       3897116.0      0.49068819
       3912363.0      0.48675408
       3927729.0      0.48965496
       3943217.0      0.47626995
       3958828.0      0.46271211
       3972983.0      0.42716204
       3988831.0      0.39727177
       4004805.0      0.35008113
       4020908.0      0.30913658
       4037141.0      0.26491573
       4051863.0      0.23499104
       4068348.0      0.19642736
       4084967.0      0.17159184
       4101722.0      0.15054170
       4116920.0      0.12995315
       4133939.0      0.10809517
       4151100.0     0.089137919
       4168403.0     0.044510595
       4185851.0     0.021047310
       4201680.0     0.012331895
       4219409.0    0.0080815669
       4237288.0    0.0057105781
       4255319.0    0.0040965039
       4271678.0    0.0031190089
       4290004.0    0.0024637595
       4308487.0    0.0019353047
       4327131.0    0.0015053497
       4345936.0    0.0012180029
       4363001.0   0.00099079018
       4382120.0   0.00082338800
       4401408.0   0.00072406695
       4420866.0   0.00065441639
       4440497.0   0.00057719047
       4458314.0   0.00050144119
       4478280.0   0.00043705398
       4498425.0   0.00036971998
       4518752.0   0.00032237796
       4537205.0   0.00028795522
       4557885.0   0.00027039037
       4578754.0   0.00026169256
       4599816.0   0.00025711277
       4621072.0   0.00024644658
       4640371.0   0.00023222197
       4662004.0   0.00022172909
       4683840.0   0.00020407925
       4705882.0   0.00018598515
       4728132.0   0.00015995564
